{
 "cells": [
  {
   "cell_type": "code",
   "execution_count": 1,
   "id": "0c136fc5-a047-4af6-9fad-af3b13c04062",
   "metadata": {},
   "outputs": [],
   "source": [
    "#Import Essential Libraries\n",
    "import streamlit as st \n",
    "import pandas as pd\n",
    "import numpy as np\n",
    "from scipy.stats import binom\n",
    "\n",
    "# Plot Package\n",
    "import seaborn as sns\n",
    "import matplotlib.pyplot as plt\n",
    "import plotly.express as px\n",
    "\n",
    "# Import parameters packages\n",
    "from nba_api.stats.library.parameters import Season\n",
    "from nba_api.stats.library.parameters import SeasonTypeAllStar\n",
    "from nba_api.stats.library.parameters import SeasonType\n",
    "\n",
    "# Import Stats Endpoints\n",
    "from nba_api.stats.endpoints import teamgamelog\n",
    "from nba_api.stats.endpoints import teamgamelogs\n",
    "from nba_api.stats.endpoints import playergamelogs\n",
    "\n",
    "# Import Team list\n",
    "from nba_api.stats.static import teams\n",
    "\n",
    "# nba_function\n",
    "from nba_functions import *\n",
    "from retrieve_data import *"
   ]
  },
  {
   "cell_type": "code",
   "execution_count": 2,
   "id": "37c9cca4-e9bf-48f5-b81b-bb8959aa1875",
   "metadata": {},
   "outputs": [],
   "source": [
    "gamelog_2020_21_fn= '2020-2021_gamelog.csv'\n",
    "gamelog_2020_21_raw = pd.read_csv(gamelog_2020_21_fn)\n",
    "seasongamelog = SeasonGameLog()"
   ]
  },
  {
   "cell_type": "code",
   "execution_count": 3,
   "id": "ecb6b266-d7be-42ea-8215-ef262eecacf7",
   "metadata": {},
   "outputs": [],
   "source": [
    "gamelog_2020_21 = seasongamelog.vs_gamelog(gamelog_2020_21_raw)"
   ]
  },
  {
   "cell_type": "code",
   "execution_count": 4,
   "id": "7d157319-d9aa-49e9-be6f-8131b923e1f4",
   "metadata": {},
   "outputs": [],
   "source": [
    "gamelog_2020_21.to_csv('2020-2021_gamelog_final.csv')"
   ]
  },
  {
   "cell_type": "code",
   "execution_count": 5,
   "id": "2c2a96eb-fd15-4f0c-84af-437b85e95af8",
   "metadata": {},
   "outputs": [],
   "source": [
    "winners = gamelog_2020_21[gamelog_2020_21['WL']=='W']"
   ]
  },
  {
   "cell_type": "code",
   "execution_count": 6,
   "id": "dc11cd60-20ad-4069-b20f-6b728ccf1656",
   "metadata": {},
   "outputs": [
    {
     "data": {
      "text/plain": [
       "Index(['Team_ID', 'Game_ID', 'GAME_DATE', 'MATCHUP', 'WL', 'W', 'L', 'W_PCT',\n",
       "       'MIN', 'FGM', 'FGA', 'FG_PCT', 'FG3M', 'FG3A', 'FG3_PCT', 'FTM', 'FTA',\n",
       "       'FT_PCT', 'OREB', 'DREB', 'REB', 'AST', 'STL', 'BLK', 'TOV', 'PF',\n",
       "       'PTS', 'TEAM', 'OPP', 'Team_ID_OPP', 'win?', 'FGM_OPP', 'FGA_OPP',\n",
       "       'FG_PCT_OPP', 'FG3M_OPP', 'FG3A_OPP', 'FG3_PCT_OPP', 'FTM_OPP',\n",
       "       'FTA_OPP', 'FT_PCT_OPP', 'OREB_OPP', 'DREB_OPP', 'REB_OPP', 'AST_OPP',\n",
       "       'STL_OPP', 'BLK_OPP', 'TOV_OPP', 'PF_OPP', 'PTS_OPP', 'OREB%',\n",
       "       'DREB%_OPP', 'DREB%', 'OREB%_OPP', 'FGM_diff', 'FGA_diff',\n",
       "       'FG_PCT_diff', 'FG3M_diff', 'FG3A_diff', 'FG3_PCT_diff', 'FTM_diff',\n",
       "       'FTA_diff', 'FT_PCT_diff', 'OREB_diff', 'DREB_diff', 'OREB%_diff',\n",
       "       'DREB%_diff', 'REB_diff', 'AST_diff', 'STL_diff', 'BLK_diff',\n",
       "       'TOV_diff', 'PF_diff', 'PTS_diff'],\n",
       "      dtype='object')"
      ]
     },
     "execution_count": 6,
     "metadata": {},
     "output_type": "execute_result"
    }
   ],
   "source": [
    "winners.columns"
   ]
  },
  {
   "cell_type": "code",
   "execution_count": 47,
   "id": "024e695d-d0ac-4b79-8ac8-f0e90664b695",
   "metadata": {},
   "outputs": [
    {
     "data": {
      "application/vnd.plotly.v1+json": {
       "config": {
        "plotlyServerURL": "https://plot.ly"
       },
       "data": [
        {
         "coloraxis": "coloraxis",
         "hovertemplate": "x: %{x}<br>y: %{y}<br>color: %{z}<extra></extra>",
         "name": "0",
         "type": "heatmap",
         "x": [
          "FGM_diff",
          "FGA_diff",
          "FG_PCT_diff",
          "FG3M_diff",
          "FG3A_diff",
          "FG3_PCT_diff",
          "FTM_diff",
          "FTA_diff",
          "FT_PCT_diff",
          "OREB_diff",
          "DREB_diff",
          "REB_diff",
          "AST_diff",
          "STL_diff",
          "BLK_diff",
          "TOV_diff",
          "PF_diff",
          "PTS_diff",
          "win?"
         ],
         "xaxis": "x",
         "y": [
          "FGM_diff",
          "FGA_diff",
          "FG_PCT_diff",
          "FG3M_diff",
          "FG3A_diff",
          "FG3_PCT_diff",
          "FTM_diff",
          "FTA_diff",
          "FT_PCT_diff",
          "OREB_diff",
          "DREB_diff",
          "REB_diff",
          "AST_diff",
          "STL_diff",
          "BLK_diff",
          "TOV_diff",
          "PF_diff",
          "PTS_diff",
          "win?"
         ],
         "yaxis": "y",
         "z": [
          [
           1,
           0.28368,
           0.82301,
           0.35516,
           -0.04634,
           0.49809,
           -0.35205,
           -0.399,
           0.05592,
           -0.01819,
           0.56602,
           0.45645,
           0.62736,
           0.21555,
           0.17806,
           -0.17897,
           0.32374,
           0.84989,
           0.63262
          ],
          [
           0.28368,
           1,
           -0.30612,
           0.00463,
           0.22031,
           -0.16949,
           -0.38762,
           -0.41014,
           0.00713,
           0.57479,
           -0.33519,
           0.03881,
           0.05405,
           0.45753,
           -0.24869,
           -0.60945,
           0.2187,
           0.06869,
           -0.04359
          ],
          [
           0.82301,
           -0.30612,
           1,
           0.3495,
           -0.17678,
           0.59597,
           -0.12171,
           -0.15629,
           0.05413,
           -0.35403,
           0.75964,
           0.43193,
           0.58818,
           -0.0536,
           0.31953,
           0.1839,
           0.19541,
           0.80054,
           0.65292
          ],
          [
           0.35516,
           0.00463,
           0.3495,
           1,
           0.65572,
           0.77177,
           -0.24163,
           -0.29621,
           0.09049,
           -0.11299,
           0.2556,
           0.14869,
           0.43512,
           0.00867,
           0.20094,
           0.04052,
           0.29977,
           0.57275,
           0.4037
          ],
          [
           -0.04634,
           0.22031,
           -0.17678,
           0.65572,
           1,
           0.05087,
           -0.24386,
           -0.27759,
           0.04273,
           0.04562,
           -0.19499,
           -0.13568,
           0.12187,
           0.06854,
           0.17494,
           -0.10404,
           0.23711,
           0.0881,
           -0.00505
          ],
          [
           0.49809,
           -0.16949,
           0.59597,
           0.77177,
           0.05087,
           1,
           -0.12752,
           -0.17391,
           0.08705,
           -0.18823,
           0.48426,
           0.29588,
           0.45955,
           -0.0405,
           0.12278,
           0.13386,
           0.20676,
           0.66808,
           0.53034
          ],
          [
           -0.35205,
           -0.38762,
           -0.12171,
           -0.24163,
           -0.24386,
           -0.12752,
           1,
           0.91182,
           0.32614,
           0.08345,
           0.12448,
           0.14831,
           -0.24753,
           0.02106,
           -0.02012,
           -0.01885,
           -0.66112,
           0.07292,
           0.19199
          ],
          [
           -0.399,
           -0.41014,
           -0.15629,
           -0.29621,
           -0.27759,
           -0.17391,
           0.91182,
           1,
           -0.06614,
           0.11312,
           0.05161,
           0.10452,
           -0.29357,
           0.01001,
           -0.04519,
           0.00124,
           -0.72982,
           -0.03082,
           0.10437
          ],
          [
           0.05592,
           0.00713,
           0.05413,
           0.09049,
           0.04273,
           0.08705,
           0.32614,
           -0.06614,
           1,
           -0.05195,
           0.16333,
           0.10611,
           0.07359,
           0.0368,
           0.06272,
           -0.06082,
           0.05824,
           0.23796,
           0.21867
          ],
          [
           -0.01819,
           0.57479,
           -0.35403,
           -0.11299,
           0.04562,
           -0.18823,
           0.08345,
           0.11312,
           -0.05195,
           1,
           0.02284,
           0.56687,
           -0.13994,
           0.03347,
           -0.23359,
           -0.04472,
           -0.12473,
           -0.01867,
           -0.01318
          ],
          [
           0.56602,
           -0.33519,
           0.75964,
           0.2556,
           -0.19499,
           0.48426,
           0.12448,
           0.05161,
           0.16333,
           0.02284,
           1,
           0.83654,
           0.40338,
           -0.29641,
           0.18267,
           0.47686,
           0.04547,
           0.65503,
           0.56782
          ],
          [
           0.45645,
           0.03881,
           0.43193,
           0.14869,
           -0.13568,
           0.29588,
           0.14831,
           0.10452,
           0.10611,
           0.56687,
           0.83654,
           1,
           0.25569,
           -0.2259,
           0.0225,
           0.36843,
           -0.03089,
           0.52953,
           0.46067
          ],
          [
           0.62736,
           0.05405,
           0.58818,
           0.43512,
           0.12187,
           0.45955,
           -0.24753,
           -0.29357,
           0.07359,
           -0.13994,
           0.40338,
           0.25569,
           1,
           0.06937,
           0.16204,
           -0.02582,
           0.23671,
           0.59979,
           0.45373
          ],
          [
           0.21555,
           0.45753,
           -0.0536,
           0.00867,
           0.06854,
           -0.0405,
           0.02106,
           0.01001,
           0.0368,
           0.03347,
           -0.29641,
           -0.2259,
           0.06937,
           1,
           -0.02407,
           -0.76485,
           0.03243,
           0.20385,
           0.12714
          ],
          [
           0.17806,
           -0.24869,
           0.31953,
           0.20094,
           0.17494,
           0.12278,
           -0.02012,
           -0.04519,
           0.06272,
           -0.23359,
           0.18267,
           0.0225,
           0.16204,
           -0.02407,
           1,
           0.06649,
           0.09438,
           0.22293,
           0.21692
          ],
          [
           -0.17897,
           -0.60945,
           0.1839,
           0.04052,
           -0.10404,
           0.13386,
           -0.01885,
           0.00124,
           -0.06082,
           -0.04472,
           0.47686,
           0.36843,
           -0.02582,
           -0.76485,
           0.06649,
           1,
           0.05507,
           -0.15209,
           -0.09526
          ],
          [
           0.32374,
           0.2187,
           0.19541,
           0.29977,
           0.23711,
           0.20676,
           -0.66112,
           -0.72982,
           0.05824,
           -0.12473,
           0.04547,
           -0.03089,
           0.23671,
           0.03243,
           0.09438,
           0.05507,
           1,
           0.08454,
           -0.05538
          ],
          [
           0.84989,
           0.06869,
           0.80054,
           0.57275,
           0.0881,
           0.66808,
           0.07292,
           -0.03082,
           0.23796,
           -0.01867,
           0.65503,
           0.52953,
           0.59979,
           0.20385,
           0.22293,
           -0.15209,
           0.08454,
           1,
           0.80125
          ],
          [
           0.63262,
           -0.04359,
           0.65292,
           0.4037,
           -0.00505,
           0.53034,
           0.19199,
           0.10437,
           0.21867,
           -0.01318,
           0.56782,
           0.46067,
           0.45373,
           0.12714,
           0.21692,
           -0.09526,
           -0.05538,
           0.80125,
           1
          ]
         ]
        }
       ],
       "layout": {
        "coloraxis": {
         "colorscale": [
          [
           0,
           "#0d0887"
          ],
          [
           0.1111111111111111,
           "#46039f"
          ],
          [
           0.2222222222222222,
           "#7201a8"
          ],
          [
           0.3333333333333333,
           "#9c179e"
          ],
          [
           0.4444444444444444,
           "#bd3786"
          ],
          [
           0.5555555555555556,
           "#d8576b"
          ],
          [
           0.6666666666666666,
           "#ed7953"
          ],
          [
           0.7777777777777778,
           "#fb9f3a"
          ],
          [
           0.8888888888888888,
           "#fdca26"
          ],
          [
           1,
           "#f0f921"
          ]
         ]
        },
        "height": 400,
        "margin": {
         "t": 60
        },
        "template": {
         "data": {
          "bar": [
           {
            "error_x": {
             "color": "#2a3f5f"
            },
            "error_y": {
             "color": "#2a3f5f"
            },
            "marker": {
             "line": {
              "color": "#E5ECF6",
              "width": 0.5
             },
             "pattern": {
              "fillmode": "overlay",
              "size": 10,
              "solidity": 0.2
             }
            },
            "type": "bar"
           }
          ],
          "barpolar": [
           {
            "marker": {
             "line": {
              "color": "#E5ECF6",
              "width": 0.5
             },
             "pattern": {
              "fillmode": "overlay",
              "size": 10,
              "solidity": 0.2
             }
            },
            "type": "barpolar"
           }
          ],
          "carpet": [
           {
            "aaxis": {
             "endlinecolor": "#2a3f5f",
             "gridcolor": "white",
             "linecolor": "white",
             "minorgridcolor": "white",
             "startlinecolor": "#2a3f5f"
            },
            "baxis": {
             "endlinecolor": "#2a3f5f",
             "gridcolor": "white",
             "linecolor": "white",
             "minorgridcolor": "white",
             "startlinecolor": "#2a3f5f"
            },
            "type": "carpet"
           }
          ],
          "choropleth": [
           {
            "colorbar": {
             "outlinewidth": 0,
             "ticks": ""
            },
            "type": "choropleth"
           }
          ],
          "contour": [
           {
            "colorbar": {
             "outlinewidth": 0,
             "ticks": ""
            },
            "colorscale": [
             [
              0,
              "#0d0887"
             ],
             [
              0.1111111111111111,
              "#46039f"
             ],
             [
              0.2222222222222222,
              "#7201a8"
             ],
             [
              0.3333333333333333,
              "#9c179e"
             ],
             [
              0.4444444444444444,
              "#bd3786"
             ],
             [
              0.5555555555555556,
              "#d8576b"
             ],
             [
              0.6666666666666666,
              "#ed7953"
             ],
             [
              0.7777777777777778,
              "#fb9f3a"
             ],
             [
              0.8888888888888888,
              "#fdca26"
             ],
             [
              1,
              "#f0f921"
             ]
            ],
            "type": "contour"
           }
          ],
          "contourcarpet": [
           {
            "colorbar": {
             "outlinewidth": 0,
             "ticks": ""
            },
            "type": "contourcarpet"
           }
          ],
          "heatmap": [
           {
            "colorbar": {
             "outlinewidth": 0,
             "ticks": ""
            },
            "colorscale": [
             [
              0,
              "#0d0887"
             ],
             [
              0.1111111111111111,
              "#46039f"
             ],
             [
              0.2222222222222222,
              "#7201a8"
             ],
             [
              0.3333333333333333,
              "#9c179e"
             ],
             [
              0.4444444444444444,
              "#bd3786"
             ],
             [
              0.5555555555555556,
              "#d8576b"
             ],
             [
              0.6666666666666666,
              "#ed7953"
             ],
             [
              0.7777777777777778,
              "#fb9f3a"
             ],
             [
              0.8888888888888888,
              "#fdca26"
             ],
             [
              1,
              "#f0f921"
             ]
            ],
            "type": "heatmap"
           }
          ],
          "heatmapgl": [
           {
            "colorbar": {
             "outlinewidth": 0,
             "ticks": ""
            },
            "colorscale": [
             [
              0,
              "#0d0887"
             ],
             [
              0.1111111111111111,
              "#46039f"
             ],
             [
              0.2222222222222222,
              "#7201a8"
             ],
             [
              0.3333333333333333,
              "#9c179e"
             ],
             [
              0.4444444444444444,
              "#bd3786"
             ],
             [
              0.5555555555555556,
              "#d8576b"
             ],
             [
              0.6666666666666666,
              "#ed7953"
             ],
             [
              0.7777777777777778,
              "#fb9f3a"
             ],
             [
              0.8888888888888888,
              "#fdca26"
             ],
             [
              1,
              "#f0f921"
             ]
            ],
            "type": "heatmapgl"
           }
          ],
          "histogram": [
           {
            "marker": {
             "pattern": {
              "fillmode": "overlay",
              "size": 10,
              "solidity": 0.2
             }
            },
            "type": "histogram"
           }
          ],
          "histogram2d": [
           {
            "colorbar": {
             "outlinewidth": 0,
             "ticks": ""
            },
            "colorscale": [
             [
              0,
              "#0d0887"
             ],
             [
              0.1111111111111111,
              "#46039f"
             ],
             [
              0.2222222222222222,
              "#7201a8"
             ],
             [
              0.3333333333333333,
              "#9c179e"
             ],
             [
              0.4444444444444444,
              "#bd3786"
             ],
             [
              0.5555555555555556,
              "#d8576b"
             ],
             [
              0.6666666666666666,
              "#ed7953"
             ],
             [
              0.7777777777777778,
              "#fb9f3a"
             ],
             [
              0.8888888888888888,
              "#fdca26"
             ],
             [
              1,
              "#f0f921"
             ]
            ],
            "type": "histogram2d"
           }
          ],
          "histogram2dcontour": [
           {
            "colorbar": {
             "outlinewidth": 0,
             "ticks": ""
            },
            "colorscale": [
             [
              0,
              "#0d0887"
             ],
             [
              0.1111111111111111,
              "#46039f"
             ],
             [
              0.2222222222222222,
              "#7201a8"
             ],
             [
              0.3333333333333333,
              "#9c179e"
             ],
             [
              0.4444444444444444,
              "#bd3786"
             ],
             [
              0.5555555555555556,
              "#d8576b"
             ],
             [
              0.6666666666666666,
              "#ed7953"
             ],
             [
              0.7777777777777778,
              "#fb9f3a"
             ],
             [
              0.8888888888888888,
              "#fdca26"
             ],
             [
              1,
              "#f0f921"
             ]
            ],
            "type": "histogram2dcontour"
           }
          ],
          "mesh3d": [
           {
            "colorbar": {
             "outlinewidth": 0,
             "ticks": ""
            },
            "type": "mesh3d"
           }
          ],
          "parcoords": [
           {
            "line": {
             "colorbar": {
              "outlinewidth": 0,
              "ticks": ""
             }
            },
            "type": "parcoords"
           }
          ],
          "pie": [
           {
            "automargin": true,
            "type": "pie"
           }
          ],
          "scatter": [
           {
            "marker": {
             "colorbar": {
              "outlinewidth": 0,
              "ticks": ""
             }
            },
            "type": "scatter"
           }
          ],
          "scatter3d": [
           {
            "line": {
             "colorbar": {
              "outlinewidth": 0,
              "ticks": ""
             }
            },
            "marker": {
             "colorbar": {
              "outlinewidth": 0,
              "ticks": ""
             }
            },
            "type": "scatter3d"
           }
          ],
          "scattercarpet": [
           {
            "marker": {
             "colorbar": {
              "outlinewidth": 0,
              "ticks": ""
             }
            },
            "type": "scattercarpet"
           }
          ],
          "scattergeo": [
           {
            "marker": {
             "colorbar": {
              "outlinewidth": 0,
              "ticks": ""
             }
            },
            "type": "scattergeo"
           }
          ],
          "scattergl": [
           {
            "marker": {
             "colorbar": {
              "outlinewidth": 0,
              "ticks": ""
             }
            },
            "type": "scattergl"
           }
          ],
          "scattermapbox": [
           {
            "marker": {
             "colorbar": {
              "outlinewidth": 0,
              "ticks": ""
             }
            },
            "type": "scattermapbox"
           }
          ],
          "scatterpolar": [
           {
            "marker": {
             "colorbar": {
              "outlinewidth": 0,
              "ticks": ""
             }
            },
            "type": "scatterpolar"
           }
          ],
          "scatterpolargl": [
           {
            "marker": {
             "colorbar": {
              "outlinewidth": 0,
              "ticks": ""
             }
            },
            "type": "scatterpolargl"
           }
          ],
          "scatterternary": [
           {
            "marker": {
             "colorbar": {
              "outlinewidth": 0,
              "ticks": ""
             }
            },
            "type": "scatterternary"
           }
          ],
          "surface": [
           {
            "colorbar": {
             "outlinewidth": 0,
             "ticks": ""
            },
            "colorscale": [
             [
              0,
              "#0d0887"
             ],
             [
              0.1111111111111111,
              "#46039f"
             ],
             [
              0.2222222222222222,
              "#7201a8"
             ],
             [
              0.3333333333333333,
              "#9c179e"
             ],
             [
              0.4444444444444444,
              "#bd3786"
             ],
             [
              0.5555555555555556,
              "#d8576b"
             ],
             [
              0.6666666666666666,
              "#ed7953"
             ],
             [
              0.7777777777777778,
              "#fb9f3a"
             ],
             [
              0.8888888888888888,
              "#fdca26"
             ],
             [
              1,
              "#f0f921"
             ]
            ],
            "type": "surface"
           }
          ],
          "table": [
           {
            "cells": {
             "fill": {
              "color": "#EBF0F8"
             },
             "line": {
              "color": "white"
             }
            },
            "header": {
             "fill": {
              "color": "#C8D4E3"
             },
             "line": {
              "color": "white"
             }
            },
            "type": "table"
           }
          ]
         },
         "layout": {
          "annotationdefaults": {
           "arrowcolor": "#2a3f5f",
           "arrowhead": 0,
           "arrowwidth": 1
          },
          "autotypenumbers": "strict",
          "coloraxis": {
           "colorbar": {
            "outlinewidth": 0,
            "ticks": ""
           }
          },
          "colorscale": {
           "diverging": [
            [
             0,
             "#8e0152"
            ],
            [
             0.1,
             "#c51b7d"
            ],
            [
             0.2,
             "#de77ae"
            ],
            [
             0.3,
             "#f1b6da"
            ],
            [
             0.4,
             "#fde0ef"
            ],
            [
             0.5,
             "#f7f7f7"
            ],
            [
             0.6,
             "#e6f5d0"
            ],
            [
             0.7,
             "#b8e186"
            ],
            [
             0.8,
             "#7fbc41"
            ],
            [
             0.9,
             "#4d9221"
            ],
            [
             1,
             "#276419"
            ]
           ],
           "sequential": [
            [
             0,
             "#0d0887"
            ],
            [
             0.1111111111111111,
             "#46039f"
            ],
            [
             0.2222222222222222,
             "#7201a8"
            ],
            [
             0.3333333333333333,
             "#9c179e"
            ],
            [
             0.4444444444444444,
             "#bd3786"
            ],
            [
             0.5555555555555556,
             "#d8576b"
            ],
            [
             0.6666666666666666,
             "#ed7953"
            ],
            [
             0.7777777777777778,
             "#fb9f3a"
            ],
            [
             0.8888888888888888,
             "#fdca26"
            ],
            [
             1,
             "#f0f921"
            ]
           ],
           "sequentialminus": [
            [
             0,
             "#0d0887"
            ],
            [
             0.1111111111111111,
             "#46039f"
            ],
            [
             0.2222222222222222,
             "#7201a8"
            ],
            [
             0.3333333333333333,
             "#9c179e"
            ],
            [
             0.4444444444444444,
             "#bd3786"
            ],
            [
             0.5555555555555556,
             "#d8576b"
            ],
            [
             0.6666666666666666,
             "#ed7953"
            ],
            [
             0.7777777777777778,
             "#fb9f3a"
            ],
            [
             0.8888888888888888,
             "#fdca26"
            ],
            [
             1,
             "#f0f921"
            ]
           ]
          },
          "colorway": [
           "#636efa",
           "#EF553B",
           "#00cc96",
           "#ab63fa",
           "#FFA15A",
           "#19d3f3",
           "#FF6692",
           "#B6E880",
           "#FF97FF",
           "#FECB52"
          ],
          "font": {
           "color": "#2a3f5f"
          },
          "geo": {
           "bgcolor": "white",
           "lakecolor": "white",
           "landcolor": "#E5ECF6",
           "showlakes": true,
           "showland": true,
           "subunitcolor": "white"
          },
          "hoverlabel": {
           "align": "left"
          },
          "hovermode": "closest",
          "mapbox": {
           "style": "light"
          },
          "paper_bgcolor": "white",
          "plot_bgcolor": "#E5ECF6",
          "polar": {
           "angularaxis": {
            "gridcolor": "white",
            "linecolor": "white",
            "ticks": ""
           },
           "bgcolor": "#E5ECF6",
           "radialaxis": {
            "gridcolor": "white",
            "linecolor": "white",
            "ticks": ""
           }
          },
          "scene": {
           "xaxis": {
            "backgroundcolor": "#E5ECF6",
            "gridcolor": "white",
            "gridwidth": 2,
            "linecolor": "white",
            "showbackground": true,
            "ticks": "",
            "zerolinecolor": "white"
           },
           "yaxis": {
            "backgroundcolor": "#E5ECF6",
            "gridcolor": "white",
            "gridwidth": 2,
            "linecolor": "white",
            "showbackground": true,
            "ticks": "",
            "zerolinecolor": "white"
           },
           "zaxis": {
            "backgroundcolor": "#E5ECF6",
            "gridcolor": "white",
            "gridwidth": 2,
            "linecolor": "white",
            "showbackground": true,
            "ticks": "",
            "zerolinecolor": "white"
           }
          },
          "shapedefaults": {
           "line": {
            "color": "#2a3f5f"
           }
          },
          "ternary": {
           "aaxis": {
            "gridcolor": "white",
            "linecolor": "white",
            "ticks": ""
           },
           "baxis": {
            "gridcolor": "white",
            "linecolor": "white",
            "ticks": ""
           },
           "bgcolor": "#E5ECF6",
           "caxis": {
            "gridcolor": "white",
            "linecolor": "white",
            "ticks": ""
           }
          },
          "title": {
           "x": 0.05
          },
          "xaxis": {
           "automargin": true,
           "gridcolor": "white",
           "linecolor": "white",
           "ticks": "",
           "title": {
            "standoff": 15
           },
           "zerolinecolor": "white",
           "zerolinewidth": 2
          },
          "yaxis": {
           "automargin": true,
           "gridcolor": "white",
           "linecolor": "white",
           "ticks": "",
           "title": {
            "standoff": 15
           },
           "zerolinecolor": "white",
           "zerolinewidth": 2
          }
         }
        },
        "width": 800,
        "xaxis": {
         "anchor": "y",
         "autorange": true,
         "constrain": "domain",
         "domain": [
          0.299512987012987,
          0.700487012987013
         ],
         "range": [
          -0.5,
          18.5
         ],
         "scaleanchor": "y",
         "type": "category"
        },
        "yaxis": {
         "anchor": "x",
         "autorange": true,
         "constrain": "domain",
         "domain": [
          0,
          1
         ],
         "range": [
          18.5,
          -0.5
         ],
         "type": "category"
        }
       }
      },
